9.724385119268323940e-01
9.718205413422321692e-01
9.709553825237919877e-01
9.699666295884317169e-01
9.691014707699913133e-01
9.684835001853913106e-01
9.674947472500309287e-01
9.670003707823509043e-01
9.650228649116302515e-01
9.635397355085898452e-01
9.614386355209492141e-01
9.597083178840687401e-01
9.579780002471883771e-01
9.563712767272277704e-01
9.543937708565073397e-01
9.524162649857866869e-01
9.508095414658263023e-01
9.493264120627860070e-01
9.453714003213448125e-01
9.417871709306638861e-01
9.378321591892226916e-01
9.336299592139415404e-01
9.281918180694599396e-01
9.211469534050179542e-01
9.118773946360152483e-01
9.001359535286120872e-01
8.834507477444074608e-01
8.593498949450008029e-01
7.859349894945001358e-01
0.000000000000000000e+00
