8.658587771905867925e-01
8.776988267606287142e-01
8.881555093502551124e-01
8.980454503678202416e-01
9.067387680869617439e-01
9.147923395142875114e-01
9.223700242442053332e-01
9.294160704389544669e-01
9.362477905710828718e-01
9.427147045153227989e-01
9.488984452207058773e-01
9.553677419693971107e-01
9.612918436925881327e-01
9.672756100725650175e-01
9.738006183648676428e-01
9.796107767401898148e-01
9.853886927794539563e-01
9.913721338010956785e-01
9.969521553364668609e-01
1.000000000000000000e+00
