6.999999999999999556e-01
7.157894736842105310e-01
7.315789473684209954e-01
7.473684210526315708e-01
7.631578947368420351e-01
7.789473684210526105e-01
7.947368421052631859e-01
8.105263157894736503e-01
8.263157894736842257e-01
8.421052631578946901e-01
8.578947368421052655e-01
8.736842105263158409e-01
8.894736842105263053e-01
9.052631578947368807e-01
9.210526315789473450e-01
9.368421052631579204e-01
9.526315789473684958e-01
9.684210526315789602e-01
9.842105263157894246e-01
1.000000000000000000e+00
