9.810596682347114683e-01
9.796979450359000197e-01
9.778410497647931354e-01
9.757365684575390885e-01
9.736320871502847085e-01
9.711562267888090849e-01
9.684327803911858545e-01
9.653379549393414916e-01
9.626145085417181502e-01
9.590245110175785737e-01
9.555583065115128560e-01
9.488734835355285835e-01
9.415696954691755716e-01
9.329041842040108889e-01
9.211438474870017323e-01
9.044317900470413285e-01
8.776924981431047934e-01
8.221094330279772322e-01
6.770240158455063106e-01
7.427581084426838074e-04
