9.847292191435768061e-01
9.817380352644836661e-01
9.795340050377833174e-01
9.768576826196473384e-01
9.734466834592777618e-01
9.690910999160369244e-01
9.647355163727959759e-01
9.602225020990763360e-01
9.546599496221661596e-01
9.479429051217462820e-01
9.410684298908479350e-01
9.304680940386229615e-01
9.199727120067169306e-01
9.064336691855583439e-01
8.867548278757346747e-01
8.602539882451720743e-01
8.218933669185557456e-01
7.503148614609571609e-01
5.828610411418975179e-01
0.000000000000000000e+00
