9.810596682347114683e-01
9.796979450359000197e-01
9.778410497647931354e-01
9.758603614756127254e-01
9.736320871502847085e-01
9.711562267888090849e-01
9.684327803911858545e-01
9.653379549393414916e-01
9.626145085417181502e-01
9.592720970537261804e-01
9.555583065115128560e-01
9.488734835355285835e-01
9.414459024511016016e-01
9.327803911859370301e-01
9.210200544689279845e-01
9.049269621193364310e-01
8.781876702153997849e-01
8.227283981183460826e-01
6.767764298093588149e-01
0.000000000000000000e+00
