9.353622783613291247e-01
9.376893544603410735e-01
9.404321360758444159e-01
9.428037201352258423e-01
9.452830030985596155e-01
9.477941579865445387e-01
9.503454590286978254e-01
9.529597233122286681e-01
9.556450138147021267e-01
9.583955303771375389e-01
9.613540928499988425e-01
9.643906928820367153e-01
9.675213041306184314e-01
9.712077732117474493e-01
9.748893352755482189e-01
9.790022084425280546e-01
9.835778847332175001e-01
9.889033848712150965e-01
9.948907261479348341e-01
1.000000000000000000e+00
