9.353576174282060007e-01
9.376872808421398142e-01
9.404319973187018622e-01
9.428049906328226371e-01
9.452786111404966052e-01
9.477958305920500814e-01
9.503461013780208910e-01
9.529600434303130418e-01
9.556443571154247252e-01
9.583951971509040435e-01
9.613444609024832666e-01
9.643944117086256096e-01
9.675211935838052835e-01
9.712018175893522010e-01
9.748983031019095025e-01
9.790011450223491396e-01
9.835649489176848670e-01
9.889157031778903484e-01
9.948818758774569115e-01
9.999986565294409768e-01
