9.596663816987821560e-01
9.607976589087972030e-01
9.619065742810974928e-01
9.630522072795261179e-01
9.641424629531576418e-01
9.652280406185055339e-01
9.663156380577252458e-01
9.674211546792146343e-01
9.685711239252713378e-01
9.696758009240524778e-01
9.707771747386145789e-01
9.719126827569740668e-01
9.730549130056931340e-01
9.742736060804813025e-01
9.754404494222157496e-01
9.765872492791826120e-01
9.777334346709530832e-01
9.789205940997729449e-01
9.801418373141358442e-01
9.814580096342845339e-01
9.827328905068100084e-01
9.840539751895648335e-01
9.854307024231190315e-01
9.868597622172484707e-01
9.884323759329615156e-01
9.900407966457066555e-01
9.918042713794882337e-01
9.938091779208598764e-01
9.963456161706095715e-01
1.000000000000000000e+00
