6.999999999999999556e-01
7.103448275862068728e-01
7.206896551724137900e-01
7.310344827586205962e-01
7.413793103448275135e-01
7.517241379310344307e-01
7.620689655172413479e-01
7.724137931034482651e-01
7.827586206896551824e-01
7.931034482758620996e-01
8.034482758620689058e-01
8.137931034482758230e-01
8.241379310344827402e-01
8.344827586206896575e-01
8.448275862068965747e-01
8.551724137931033809e-01
8.655172413793102981e-01
8.758620689655172153e-01
8.862068965517241326e-01
8.965517241379310498e-01
9.068965517241378560e-01
9.172413793103448842e-01
9.275862068965516904e-01
9.379310344827586077e-01
9.482758620689655249e-01
9.586206896551723311e-01
9.689655172413793593e-01
9.793103448275861656e-01
9.896551724137930828e-01
1.000000000000000000e+00
