2.999999999999999889e-01
3.368421052631578871e-01
3.736842105263157854e-01
4.105263157894736281e-01
4.473684210526315264e-01
4.842105263157894246e-01
5.210526315789473228e-01
5.578947368421052211e-01
5.947368421052631193e-01
6.315789473684210176e-01
6.684210526315789158e-01
7.052631578947368141e-01
7.421052631578946013e-01
7.789473684210526105e-01
8.157894736842103978e-01
8.526315789473684070e-01
8.894736842105261942e-01
9.263157894736842035e-01
9.631578947368419907e-01
1.000000000000000000e+00
